subcat_id    material_id   线上名称    请求地址    artoonType  type    filterType  backgroundType  makeupType  use3X	示例图
1012	1	dream	/api/v1/AI3	3	1	3000	-1	12	0	

2	-	-	3	1	3001	3001	7	0	

3	-	-	3	1	3002	3002	8	0	

4	-	-	3	1	3003	3003	7	0	

5	-	-	3	1	3004	3004	8	0	

6	-	-	3	1	3005	3005	7	0	

7	-	-	3	1	3006	3006	8	0	

8	-	-	3	1	3007	3007	7	0	

9	-	-	3	1	3008	3008	8	0	

10	-	-	3	1	3009	3009	7	0	

11	-	-	3	1	3010	3010	8	0	

12	-	-	3	1	3011	3011	7	0	

13	-	-	3	1	3012	3012	8	0	

14	-	-	3	1	3013	3013	7	0	

15	-	-	3	1	3014	3014	8	0	

16	-	-	3	1	3015	3015	7	0	
1013	38	milk	/api/v1/AI5	5	1	5000	-1	13	0	

39	-	-	5	1	5001	5001	9	0	

40	-	-	5	1	5002	5002	10	0	

41	-	-	5	1	5003	5003	9	0	

43	-	-	5	1	5004	5004	10	0	

42	-	-	5	1	5005	5005	9	0	
1014	44	ink	/api/v1/AI7	7	1	7000	-1	14	0	

49	-	-	7	1	7001	7001	15	0	

45	-	-	7	1	7002	7002	16	0	

46	-	-	7	1	7003	7003	15	0	

48	-	-	7	1	7004	7004	16	0	

47	-	-	7	1	7005	7005	15	0	

50	-	-	7	1	7006	7006	16	0	

51	-	-	7	2	7007	7007	28	0	
1011	17	garden	/api/v1/AI11	11	1	11000	-1	26	0	

18	-	-	11	1	11001	1001	26	0	

19	-	-	11	1	11002	1002	26	0	

20	-	-	11	1	11003	1003	26	0	

21	-	-	11	1	11004	1004	26	0	

22	-	-	11	1	11005	1005	26	0	

23	-	-	11	1	11006	1006	26	0	

24	-	-	11	1	11007	1007	26	0	

25	-	-	11	1	11008	1008	26	0	

26	-   -	11	1	11009	1009	26	0	

27	-	-	11	1	11010	1010	26	0	

28	-	-	11	1	11011	1011	26	0	

29	-	-	11	1	11012	1012	26	0	

30	-	-	11	1	11013	1013	26	0	

31	-	-	11	1	11014	1014	26	0	

32	-	-	11	1	11015	1015	26	0	
1027	-	summer	/api/v1/AI13	13	2	0	-1	30	1	

89	-	-	13	2	13001	13001	30	1	

90	-	-	13	2	13002	13002	-31	1	

91	-	-	13	2	13003	13003	32	1	

92	-	-	13	2	13004	13004	33	1	
1028	422	Halloween	-	13	2	13005	13005	34	1	
